 nm      %
------------
306.0	19.6
306.9	21.2
307.8	21.5
308.7	21.5
309.6	21.4
310.5	21.4
311.4	21.3
312.2	21.3
313.1	21.2
314.0	21.1
314.9	21.1
315.8	21.1
316.7	21.0
317.6	21.0
318.5	20.9
319.3	20.8
320.2	20.8
321.1	20.8
322.0	20.9
322.9	20.9
323.8	20.9
324.7	20.9
325.5	20.9
326.4	20.9
327.3	21.0
328.2	21.0
329.1	21.1
330.0	21.1
330.9	21.1
331.8	21.1
332.6	21.0
333.5	21.0
334.4	20.9
335.3	20.8
336.2	20.8
337.1	20.7
338.0	20.7
338.8	20.7
339.7	20.6
340.6	20.6
341.5	20.7
342.4	20.7
343.3	20.7
344.2	20.7
345.1	20.7
345.9	20.7
346.8	20.8
347.7	20.9
348.6	20.9
349.5	20.9
350.4	20.9
351.3	20.8
352.1	20.8
353.0	20.8
353.9	20.7
354.8	20.7
355.7	20.7
356.6	20.7
357.5	20.7
358.4	20.7
359.2	20.7
360.1	20.8
361.0	20.8
361.9	20.9
362.8	21.0
363.7	21.0
364.6	20.9
365.5	20.9
366.3	21.0
367.2	21.0
368.1	21.0
369.0	21.1
369.9	21.1
370.8	21.1
371.7	21.1
372.5	21.1
373.4	21.1
374.3	21.2
375.2	21.2
376.1	21.2
377.0	21.2
377.9	21.2
378.8	21.3
379.6	21.3
380.5	21.3
381.4	21.4
382.3	21.5
383.2	21.5
384.1	21.6
385.0	21.7
385.8	21.9
386.7	22.0
387.6	22.1
388.5	22.2
389.4	22.3
390.3	22.5
391.2	22.6
392.1	22.7
392.9	22.7
393.8	22.8
394.7	22.9
395.6	23.0
396.5	23.0
397.4	23.1
398.3	23.1
399.2	23.2
400.0	23.4
400.9	23.6
401.8	23.7
402.7	23.8
403.6	23.9
404.5	24.0
405.4	24.1
406.2	24.3
407.1	24.4
408.0	24.6
408.9	24.7
409.8	24.9
410.7	25.0
411.6	25.2
412.5	25.4
413.3	25.5
414.2	25.6
415.1	25.8
416.0	25.9
416.9	26.2
417.8	26.5
418.7	26.8
419.5	27.2
420.4	27.6
421.3	28.0
422.2	28.5
423.1	29.0
424.0	29.6
424.9	30.2
425.8	31.0
426.6	31.8
427.5	32.7
428.4	33.6
429.3	34.6
430.2	35.7
431.1	36.7
432.0	37.8
432.9	39.0
433.7	40.2
434.6	41.3
435.5	42.6
436.4	43.9
437.3	45.3
438.2	46.6
439.1	48.0
439.9	49.3
440.8	50.6
441.7	51.9
442.6	53.1
443.5	54.3
444.4	55.5
445.3	56.6
446.2	57.6
447.0	58.6
447.9	59.5
448.8	60.3
449.7	61.2
450.6	62.0
451.5	62.9
452.4	63.6
453.2	64.5
454.1	65.2
455.0	65.9
455.9	66.4
456.8	67.0
457.7	67.4
458.6	67.9
459.5	68.3
460.3	68.6
461.2	68.9
462.1	69.0
463.0	68.8
463.9	68.6
464.8	68.4
465.7	68.2
466.5	67.9
467.4	67.4
468.3	66.9
469.2	66.4
470.1	66.0
471.0	65.5
471.9	64.9
472.8	64.3
473.6	63.7
474.5	63.1
475.4	62.6
476.3	62.0
477.2	61.6
478.1	61.2
479.0	60.7
479.9	60.1
480.7	59.6
481.6	59.1
482.5	58.8
483.4	58.3
484.3	58.0
485.2	57.7
486.1	57.4
486.9	57.2
487.8	57.0
488.7	56.8
489.6	56.7
490.5	56.7
491.4	56.7
492.3	56.7
493.2	56.9
494.0	57.0
494.9	57.3
495.8	57.6
496.7	57.9
497.6	58.3
498.5	58.8
499.4	59.3
500.2	59.9
501.1	60.5
502.0	61.2
502.9	62.0
503.8	62.8
504.7	63.6
505.6	64.4
506.5	65.3
507.3	66.4
508.2	67.4
509.1	68.4
510.0	69.4
510.9	70.4
511.8	71.7
512.7	72.7
513.6	73.9
514.4	74.9
515.3	76.2
516.2	77.2
517.1	78.4
518.0	79.3
518.9	80.7
519.8	81.7
520.6	83.0
521.5	83.8
522.4	85.0
523.3	85.8
524.2	87.0
525.1	87.9
526.0	89.0
526.9	89.7
527.7	90.8
528.6	91.5
529.5	92.4
530.4	93.0
531.3	93.7
532.2	94.2
533.1	94.9
533.9	95.5
534.8	95.9
535.7	96.2
536.6	96.6
537.5	96.9
538.4	97.3
539.3	97.7
540.2	98.0
541.0	98.3
541.9	98.6
542.8	98.8
543.7	99.0
544.6	99.2
545.5	99.3
546.4	99.5
547.2	99.6
548.1	99.7
549.0	99.7
549.9	99.7
550.8	99.8
551.7	99.9
552.6	99.9
553.5	100.0
554.3	100.0
555.2	100.0
556.1	100.0
557.0	100.0
557.9	99.9
558.8	99.8
559.7	99.8
560.6	99.7
561.4	99.6
562.3	99.6
563.2	99.6
564.1	99.6
565.0	99.6
565.9	99.6
566.8	99.4
567.6	99.4
568.5	99.3
569.4	99.3
570.3	99.3
571.2	99.2
572.1	99.2
573.0	99.3
573.9	99.2
574.7	99.3
575.6	99.3
576.5	99.4
577.4	99.5
578.3	99.5
579.2	99.5
580.1	99.5
580.9	99.5
581.8	99.6
582.7	99.6
583.6	99.7
584.5	99.6
585.4	99.6
586.3	99.6
587.2	99.5
588.0	99.3
588.9	99.3
589.8	99.1
590.7	98.8
591.6	98.4
592.5	98.0
593.4	97.6
594.3	97.2
595.1	96.8
596.0	96.4
596.9	95.8
597.8	95.3
598.7	94.8
599.6	94.3
600.5	93.6
601.3	92.9
602.2	92.2
603.1	91.4
604.0	90.4
604.9	89.7
605.8	88.7
606.7	87.9
607.6	86.9
608.4	86.1
609.3	85.3
610.2	84.5
611.1	83.4
612.0	82.6
612.9	81.6
613.8	80.8
614.6	79.7
615.5	78.9
616.4	77.8
617.3	76.9
618.2	75.8
619.1	74.9
620.0	73.8
620.9	72.7
621.7	71.4
622.6	70.3
623.5	69.0
624.4	67.9
625.3	66.6
626.2	65.4
627.1	64.0
627.9	62.9
628.8	61.7
629.7	60.8
630.6	59.6
631.5	58.5
632.4	57.3
633.3	56.4
634.2	55.3
635.0	54.4
635.9	53.3
636.8	52.4
637.7	51.4
638.6	50.5
639.5	49.3
640.4	48.4
641.3	47.4
642.1	46.4
643.0	45.3
643.9	44.3
644.8	43.3
645.7	42.6
646.6	41.7
647.5	40.9
648.3	40.2
649.2	39.4
650.1	38.6
651.0	38.0
651.9	37.3
652.8	36.8
653.7	36.3
654.6	35.8
655.4	35.2
656.3	34.7
657.2	34.0
658.1	33.4
659.0	32.8
659.9	32.2
660.8	31.4
661.6	30.9
662.5	30.1
663.4	29.4
664.3	28.3
665.2	27.5
666.1	26.5
667.0	25.7
667.9	24.7
668.7	24.0
669.6	23.2
670.5	22.5
671.4	21.6
672.3	20.9
673.2	20.1
674.1	19.6
675.0	18.9
675.8	18.3
676.7	17.8
677.6	17.3
678.5	16.7
679.4	16.3
680.3	15.9
681.2	15.5
682.0	15.2
682.9	14.8
683.8	14.4
684.7	14.2
685.6	13.8
686.5	13.4
687.4	13.1
688.3	12.8
689.1	12.4
690.0	12.2
690.9	11.9
691.8	11.6
692.7	11.3
693.6	11.0
694.5	10.8
695.3	10.6
696.2	10.4
697.1	10.3
698.0	10.1
698.9	9.9
699.8	9.8
700.7	9.5
701.6	9.3
702.4	9.2
703.3	9.0
704.2	8.8
705.1	8.7
706.0	8.6
706.9	8.4
707.8	8.3
708.7	8.0
709.5	7.9
710.4	7.7
711.3	7.5
712.2	7.4
713.1	7.2
714.0	7.1
714.9	7.0
715.7	6.9
716.6	6.8
717.5	6.8
718.4	6.7
719.3	6.6
720.2	6.5
721.1	6.4
722.0	6.3
722.8	6.3
723.7	6.1
724.6	6.0
725.5	6.0
726.4	5.9
727.3	5.8
728.2	5.7
729.0	5.7
729.9	5.6
730.8	5.5
731.7	5.4
732.6	5.3
733.5	5.3
734.4	5.2
735.3	5.2
736.1	5.1
737.0	5.1
737.9	5.0
738.8	4.9
739.7	4.8
740.6	4.7
741.5	4.7
742.3	4.7
743.2	4.6
744.1	4.5
745.0	4.4
745.9	4.3
746.8	4.3
747.7	4.1
748.6	4.1
749.4	4.0
750.3	4.0
751.2	4.0
752.1	3.9
753.0	3.9
753.9	3.8
754.8	3.8
755.7	3.7
756.5	3.7
757.4	3.6
758.3	3.6
759.2	3.6
760.1	3.6
761.0	3.6
761.9	3.6
762.7	3.5
763.6	3.5
764.5	3.5
765.4	3.5
766.3	3.4
767.2	3.4
768.1	3.4
769.0	3.4
769.8	3.4
770.7	3.4
771.6	3.5
772.5	3.5
773.4	3.5
774.3	3.5
775.2	3.5
776.0	3.4
776.9	3.4
777.8	3.4
778.7	3.4
779.6	3.3
780.5	3.3
781.4	3.3
782.3	3.3
783.1	3.3
784.0	3.3
784.9	3.2
785.8	3.2
786.7	3.2
787.6	3.2
788.5	3.2
789.4	3.2
790.2	3.2
791.1	3.1
792.0	3.1
792.9	3.1
793.8	3.1
794.7	3.1
795.6	3.1
796.4	3.1
797.3	3.1
798.2	3.1
799.1	3.1
800.0	3.0
800.9	3.0
801.8	3.0
802.7	3.0
803.5	3.0
804.4	3.0
805.3	3.0
806.2	3.1
807.1	3.1
808.0	3.1
808.9	3.1
809.7	3.1
810.6	3.0
811.5	3.0
812.4	3.0
813.3	3.0
814.2	3.0
815.1	3.0
816.0	3.0
816.8	3.0
817.7	3.0
818.6	3.0
819.5	3.0
820.4	3.0
821.3	3.0
822.2	3.0
823.0	2.9
823.9	2.9
824.8	3.0
825.7	3.0
826.6	3.0
827.5	3.0
828.4	2.9
829.3	2.9
830.1	2.9
831.0	2.9
831.9	2.9
832.8	2.9
833.7	2.9
834.6	2.9
835.5	2.9
836.4	2.9
837.2	2.9
838.1	2.9
839.0	2.9
839.9	2.9
840.8	2.9
841.7	2.9
842.6	2.8
843.4	2.8
844.3	2.8
845.2	2.8
846.1	2.8
847.0	2.8
847.9	2.8
848.8	2.8
849.7	2.8
850.5	2.8
851.4	2.8
852.3	2.8
853.2	2.8
854.1	2.8
855.0	2.9
855.9	2.9
856.7	2.9
857.6	2.9
858.5	2.9
859.4	2.9
860.3	2.9
861.2	3.0
862.1	3.0
863.0	3.1
863.8	3.2
864.7	3.1
865.6	3.1
866.5	3.1
867.4	3.1
868.3	3.1
869.2	3.0
870.1	3.0
870.9	3.0
871.8	3.0
872.7	3.0
