 nm      %
------------
306.0	4.9
306.9	4.7
307.8	4.7
308.7	4.7
309.6	4.5
310.5	4.4
311.4	4.3
312.2	4.4
313.1	4.5
314.0	4.7
314.9	4.7
315.8	4.8
316.7	4.7
317.6	4.5
318.5	4.4
319.3	4.2
320.2	4.3
321.1	4.4
322.0	4.6
322.9	4.7
323.8	4.7
324.7	4.7
325.5	4.8
326.4	4.8
327.3	4.8
328.2	4.8
329.1	4.7
330.0	4.7
330.9	4.7
331.8	4.7
332.6	4.6
333.5	4.6
334.4	4.6
335.3	4.5
336.2	4.4
337.1	4.4
338.0	4.4
338.8	4.4
339.7	4.3
340.6	4.4
341.5	4.5
342.4	4.6
343.3	4.6
344.2	4.6
345.1	4.7
345.9	4.8
346.8	4.9
347.7	5.0
348.6	5.0
349.5	4.9
350.4	4.9
351.3	4.8
352.1	4.8
353.0	4.8
353.9	4.8
354.8	4.8
355.7	4.7
356.6	4.7
357.5	4.6
358.4	4.6
359.2	4.7
360.1	4.7
361.0	4.8
361.9	4.8
362.8	4.8
363.7	4.8
364.6	4.8
365.5	4.8
366.3	4.8
367.2	4.8
368.1	4.7
369.0	4.9
369.9	4.9
370.8	4.9
371.7	4.8
372.5	4.7
373.4	4.7
374.3	4.8
375.2	4.8
376.1	4.9
377.0	4.9
377.9	4.9
378.8	4.9
379.6	4.9
380.5	4.9
381.4	5.0
382.3	4.9
383.2	4.9
384.1	4.9
385.0	4.9
385.8	5.0
386.7	5.0
387.6	4.9
388.5	4.9
389.4	5.0
390.3	5.0
391.2	5.0
392.1	5.1
392.9	5.0
393.8	5.0
394.7	5.0
395.6	5.1
396.5	5.0
397.4	4.9
398.3	4.9
399.2	5.0
400.0	5.1
400.9	5.2
401.8	5.1
402.7	5.0
403.6	5.0
404.5	5.0
405.4	5.1
406.2	5.2
407.1	5.2
408.0	5.3
408.9	5.2
409.8	5.2
410.7	5.2
411.6	5.3
412.5	5.4
413.3	5.3
414.2	5.2
415.1	5.2
416.0	5.1
416.9	5.1
417.8	5.2
418.7	5.2
419.5	5.3
420.4	5.4
421.3	5.3
422.2	5.3
423.1	5.4
424.0	5.4
424.9	5.5
425.8	5.6
426.6	5.7
427.5	5.7
428.4	5.9
429.3	6.0
430.2	5.9
431.1	6.0
432.0	6.0
432.9	6.2
433.7	6.2
434.6	6.3
435.5	6.4
436.4	6.4
437.3	6.5
438.2	6.8
439.1	7.2
439.9	7.5
440.8	8.1
441.7	8.4
442.6	8.9
443.5	9.6
444.4	10.3
445.3	11.3
446.2	12.6
447.0	13.3
447.9	14.5
448.8	15.9
449.7	16.9
450.6	18.2
451.5	19.5
452.4	20.7
453.2	22.2
454.1	23.9
455.0	25.4
455.9	27.2
456.8	29.0
457.7	30.6
458.6	32.5
459.5	34.2
460.3	35.8
461.2	37.5
462.1	38.8
463.0	39.7
463.9	40.6
464.8	41.1
465.7	41.6
466.5	41.8
467.4	41.7
468.3	41.5
469.2	40.9
470.1	40.5
471.0	39.8
471.9	39.2
472.8	38.3
473.6	37.5
474.5	36.1
475.4	35.3
476.3	33.7
477.2	32.8
478.1	31.7
479.0	31.0
479.9	29.5
480.7	28.9
481.6	27.7
482.5	27.1
483.4	25.9
484.3	25.3
485.2	24.1
486.1	23.8
486.9	23.0
487.8	22.6
488.7	21.9
489.6	21.5
490.5	20.8
491.4	20.5
492.3	20.3
493.2	20.3
494.0	20.1
494.9	20.1
495.8	20.0
496.7	19.9
497.6	19.8
498.5	19.8
499.4	19.9
500.2	20.0
501.1	20.2
502.0	20.4
502.9	20.7
503.8	21.0
504.7	21.5
505.6	21.9
506.5	22.6
507.3	23.6
508.2	24.7
509.1	25.4
510.0	26.6
510.9	27.9
511.8	29.3
512.7	30.8
513.6	33.0
514.4	34.7
515.3	37.3
516.2	39.4
517.1	41.6
518.0	44.2
518.9	47.0
519.8	49.4
520.6	52.4
521.5	54.9
522.4	57.8
523.3	60.5
524.2	63.2
525.1	66.2
526.0	69.0
526.9	71.3
527.7	74.0
528.6	76.6
529.5	79.1
530.4	81.4
531.3	83.1
532.2	84.9
533.1	86.8
533.9	88.4
534.8	89.8
535.7	91.2
536.6	92.6
537.5	93.5
538.4	94.4
539.3	95.4
540.2	96.1
541.0	97.1
541.9	97.8
542.8	98.4
543.7	98.9
544.6	99.0
545.5	99.2
546.4	99.5
547.2	99.7
548.1	99.8
549.0	100.0
549.9	99.9
550.8	99.9
551.7	99.7
552.6	99.7
553.5	99.6
554.3	99.5
555.2	99.3
556.1	98.8
557.0	98.6
557.9	98.0
558.8	97.6
559.7	96.9
560.6	96.4
561.4	95.3
562.3	94.6
563.2	93.5
564.1	92.8
565.0	91.6
565.9	91.1
566.8	89.7
567.6	89.0
568.5	87.4
569.4	86.6
570.3	84.9
571.2	84.2
572.1	82.3
573.0	81.6
573.9	79.7
574.7	78.9
575.6	77.1
576.5	76.4
577.4	74.1
578.3	73.3
579.2	70.9
580.1	69.9
580.9	67.9
581.8	67.0
582.7	64.7
583.6	64.0
584.5	61.7
585.4	60.8
586.3	58.8
587.2	58.1
588.0	56.6
588.9	56.2
589.8	55.0
590.7	54.6
591.6	54.1
592.5	53.9
593.4	53.8
594.3	53.9
595.1	54.4
596.0	54.8
596.9	55.3
597.8	55.7
598.7	56.1
599.6	56.4
600.5	56.8
601.3	56.9
602.2	56.7
603.1	56.3
604.0	55.6
604.9	54.9
605.8	53.7
606.7	52.7
607.6	51.1
608.4	50.0
609.3	48.8
610.2	47.8
611.1	46.2
612.0	45.2
612.9	43.9
613.8	43.1
614.6	42.1
615.5	41.4
616.4	40.5
617.3	39.8
618.2	38.6
619.1	37.7
620.0	36.8
620.9	35.9
621.7	34.9
622.6	34.3
623.5	33.4
624.4	32.6
625.3	31.7
626.2	31.1
627.1	29.8
627.9	29.3
628.8	28.0
629.7	27.6
630.6	26.8
631.5	26.4
632.4	25.4
633.3	25.2
634.2	24.2
635.0	23.9
635.9	23.2
636.8	22.8
637.7	22.1
638.6	21.7
639.5	20.7
640.4	20.5
641.3	19.6
642.1	19.1
643.0	18.1
643.9	17.7
644.8	16.7
645.7	16.4
646.6	15.5
647.5	15.0
648.3	14.3
649.2	13.8
650.1	13.0
651.0	12.8
651.9	12.0
652.8	11.6
653.7	10.9
654.6	10.6
655.4	9.9
656.3	9.6
657.2	8.9
658.1	8.5
659.0	7.8
659.9	7.5
660.8	7.1
661.6	6.9
662.5	6.6
663.4	6.4
664.3	6.4
665.2	6.1
666.1	6.0
667.0	5.7
667.9	5.6
668.7	5.4
669.6	5.4
670.5	5.2
671.4	5.3
672.3	5.1
673.2	5.0
674.1	5.0
675.0	4.9
675.8	4.8
676.7	4.8
677.6	4.6
678.5	4.5
679.4	4.4
680.3	4.3
681.2	4.4
682.0	4.3
682.9	4.2
683.8	4.2
684.7	4.2
685.6	4.1
686.5	4.0
687.4	3.9
688.3	3.9
689.1	3.9
690.0	3.9
690.9	3.8
691.8	3.6
692.7	3.5
693.6	3.6
694.5	3.7
695.3	3.6
696.2	3.5
697.1	3.5
698.0	3.5
698.9	3.5
699.8	3.4
700.7	3.4
701.6	3.3
702.4	3.3
703.3	3.2
704.2	3.1
705.1	3.1
706.0	3.1
706.9	3.0
707.8	3.0
708.7	2.9
709.5	2.9
710.4	2.9
711.3	2.9
712.2	2.8
713.1	2.8
714.0	2.8
714.9	2.8
715.7	2.8
716.6	2.9
717.5	2.8
718.4	2.8
719.3	2.7
720.2	2.7
721.1	2.7
722.0	2.7
722.8	2.7
723.7	2.7
724.6	2.7
725.5	2.7
726.4	2.8
727.3	2.8
728.2	2.7
729.0	2.8
729.9	2.7
730.8	2.7
731.7	2.7
732.6	2.7
733.5	2.7
734.4	2.6
735.3	2.6
736.1	2.7
737.0	2.6
737.9	2.6
738.8	2.6
739.7	2.6
740.6	2.6
741.5	2.6
742.3	2.6
743.2	2.6
744.1	2.6
745.0	2.7
745.9	2.6
746.8	2.6
747.7	2.5
748.6	2.5
749.4	2.5
750.3	2.6
751.2	2.5
752.1	2.6
753.0	2.6
753.9	2.6
754.8	2.5
755.7	2.6
756.5	2.5
757.4	2.5
758.3	2.5
759.2	2.5
760.1	2.5
761.0	2.4
761.9	2.4
762.7	2.4
763.6	2.4
764.5	2.4
765.4	2.4
766.3	2.4
767.2	2.5
768.1	2.5
769.0	2.6
769.8	2.6
770.7	2.6
771.6	2.6
772.5	2.6
773.4	2.6
774.3	2.6
775.2	2.6
776.0	2.6
776.9	2.6
777.8	2.6
778.7	2.6
779.6	2.6
780.5	2.6
781.4	2.6
782.3	2.6
783.1	2.5
784.0	2.5
784.9	2.4
785.8	2.4
786.7	2.5
787.6	2.5
788.5	2.5
789.4	2.5
790.2	2.5
791.1	2.5
792.0	2.5
792.9	2.5
793.8	2.5
794.7	2.5
795.6	2.5
796.4	2.5
797.3	2.5
798.2	2.5
799.1	2.5
800.0	2.5
800.9	2.5
801.8	2.5
802.7	2.5
803.5	2.5
804.4	2.5
805.3	2.5
806.2	2.5
807.1	2.5
808.0	2.5
808.9	2.5
809.7	2.5
810.6	2.5
811.5	2.4
812.4	2.4
813.3	2.5
814.2	2.5
815.1	2.5
816.0	2.5
816.8	2.5
817.7	2.5
818.6	2.5
819.5	2.5
820.4	2.5
821.3	2.5
822.2	2.5
823.0	2.4
823.9	2.4
824.8	2.4
825.7	2.4
826.6	2.4
827.5	2.4
828.4	2.4
829.3	2.4
830.1	2.4
831.0	2.4
831.9	2.4
832.8	2.4
833.7	2.4
834.6	2.4
835.5	2.4
836.4	2.4
837.2	2.4
838.1	2.4
839.0	2.5
839.9	2.5
840.8	2.5
841.7	2.5
842.6	2.4
843.4	2.4
844.3	2.3
845.2	2.3
846.1	2.3
847.0	2.4
847.9	2.3
848.8	2.4
849.7	2.4
850.5	2.3
851.4	2.3
852.3	2.3
853.2	2.3
854.1	2.3
855.0	2.4
855.9	2.3
856.7	2.3
857.6	2.3
858.5	2.3
859.4	2.3
860.3	2.4
861.2	2.4
862.1	2.4
863.0	2.4
863.8	2.4
864.7	2.4
865.6	2.4
866.5	2.4
867.4	2.4
868.3	2.4
869.2	2.3
870.1	2.3
870.9	2.3
871.8	2.4
872.7	2.4
