 nm      %
------------
306.0	4.9
306.9	4.7
307.8	4.7
308.7	4.7
309.6	4.6
310.5	4.6
311.4	4.5
312.2	4.5
313.1	4.7
314.0	4.8
314.9	4.9
315.8	4.9
316.7	4.9
317.6	4.7
318.5	4.6
319.3	4.5
320.2	4.5
321.1	4.6
322.0	4.8
322.9	4.8
323.8	4.8
324.7	4.7
325.5	4.7
326.4	4.7
327.3	4.7
328.2	4.7
329.1	4.7
330.0	4.7
330.9	4.6
331.8	4.6
332.6	4.5
333.5	4.5
334.4	4.4
335.3	4.4
336.2	4.3
337.1	4.4
338.0	4.4
338.8	4.4
339.7	4.5
340.6	4.5
341.5	4.5
342.4	4.6
343.3	4.6
344.2	4.6
345.1	4.7
345.9	4.7
346.8	4.8
347.7	4.9
348.6	5.0
349.5	4.9
350.4	4.8
351.3	4.7
352.1	4.8
353.0	4.8
353.9	4.8
354.8	4.8
355.7	4.7
356.6	4.7
357.5	4.6
358.4	4.7
359.2	4.7
360.1	4.8
361.0	4.8
361.9	4.9
362.8	4.9
363.7	4.8
364.6	4.8
365.5	4.8
366.3	4.8
367.2	4.7
368.1	4.8
369.0	4.9
369.9	5.0
370.8	5.0
371.7	4.9
372.5	4.9
373.4	4.9
374.3	5.0
375.2	4.9
376.1	4.9
377.0	4.9
377.9	4.9
378.8	4.9
379.6	4.9
380.5	4.9
381.4	4.9
382.3	5.0
383.2	4.9
384.1	5.1
385.0	5.1
385.8	5.1
386.7	5.0
387.6	4.9
388.5	4.9
389.4	4.9
390.3	5.0
391.2	5.1
392.1	5.1
392.9	5.0
393.8	5.0
394.7	5.1
395.6	5.1
396.5	5.1
397.4	5.0
398.3	4.9
399.2	5.0
400.0	5.1
400.9	5.2
401.8	5.2
402.7	5.2
403.6	5.1
404.5	5.1
405.4	5.2
406.2	5.3
407.1	5.3
408.0	5.3
408.9	5.4
409.8	5.4
410.7	5.4
411.6	5.4
412.5	5.4
413.3	5.4
414.2	5.3
415.1	5.3
416.0	5.3
416.9	5.3
417.8	5.3
418.7	5.3
419.5	5.3
420.4	5.3
421.3	5.3
422.2	5.3
423.1	5.4
424.0	5.4
424.9	5.4
425.8	5.5
426.6	5.6
427.5	5.8
428.4	5.8
429.3	5.9
430.2	6.0
431.1	6.0
432.0	6.1
432.9	6.2
433.7	6.3
434.6	6.4
435.5	6.4
436.4	6.6
437.3	6.7
438.2	6.9
439.1	7.2
439.9	7.6
440.8	8.0
441.7	8.4
442.6	8.9
443.5	9.6
444.4	10.3
445.3	11.3
446.2	12.6
447.0	13.3
447.9	14.6
448.8	15.9
449.7	16.8
450.6	18.1
451.5	19.4
452.4	20.5
453.2	22.1
454.1	23.8
455.0	25.3
455.9	27.1
456.8	28.8
457.7	30.3
458.6	32.3
459.5	34.2
460.3	35.8
461.2	37.4
462.1	38.8
463.0	39.7
463.9	40.4
464.8	41.0
465.7	41.5
466.5	41.7
467.4	41.8
468.3	41.6
469.2	41.2
470.1	40.7
471.0	39.9
471.9	39.2
472.8	38.2
473.6	37.4
474.5	36.1
475.4	35.4
476.3	33.7
477.2	32.9
478.1	31.5
479.0	30.9
479.9	29.5
480.7	29.0
481.6	27.8
482.5	27.1
483.4	25.9
484.3	25.3
485.2	24.1
486.1	23.8
486.9	22.9
487.8	22.6
488.7	22.0
489.6	21.7
490.5	20.9
491.4	20.7
492.3	20.3
493.2	20.2
494.0	20.0
494.9	20.0
495.8	19.9
496.7	19.8
497.6	19.7
498.5	19.8
499.4	20.0
500.2	20.1
501.1	20.2
502.0	20.4
502.9	20.8
503.8	21.0
504.7	21.5
505.6	22.0
506.5	22.6
507.3	23.4
508.2	24.6
509.1	25.3
510.0	26.6
510.9	27.9
511.8	29.3
512.7	30.9
513.6	33.0
514.4	34.7
515.3	37.2
516.2	39.4
517.1	41.6
518.0	44.2
518.9	47.0
519.8	49.5
520.6	52.1
521.5	54.7
522.4	57.7
523.3	60.6
524.2	63.2
525.1	66.1
526.0	68.9
526.9	71.4
527.7	74.1
528.6	76.6
529.5	79.1
530.4	81.4
531.3	83.1
532.2	84.9
533.1	86.4
533.9	88.1
534.8	89.5
535.7	90.9
536.6	92.4
537.5	93.5
538.4	94.5
539.3	95.2
540.2	96.1
541.0	97.0
541.9	97.7
542.8	98.3
543.7	98.8
544.6	99.2
545.5	99.3
546.4	99.4
547.2	99.6
548.1	99.7
549.0	99.7
549.9	99.8
550.8	99.9
551.7	100.0
552.6	100.0
553.5	99.9
554.3	99.6
555.2	99.4
556.1	99.0
557.0	98.7
557.9	98.0
558.8	97.6
559.7	96.8
560.6	96.4
561.4	95.2
562.3	94.4
563.2	93.3
564.1	92.8
565.0	91.7
565.9	91.2
566.8	89.8
567.6	88.9
568.5	87.2
569.4	86.6
570.3	85.0
571.2	84.3
572.1	82.5
573.0	81.6
573.9	79.8
574.7	79.0
575.6	77.1
576.5	76.4
577.4	74.2
578.3	73.4
579.2	70.9
580.1	70.0
580.9	67.9
581.8	67.1
582.7	64.8
583.6	64.1
584.5	61.9
585.4	60.8
586.3	58.8
587.2	58.1
588.0	56.6
588.9	56.3
589.8	55.0
590.7	54.4
591.6	53.9
592.5	53.8
593.4	53.8
594.3	54.1
595.1	54.7
596.0	55.0
596.9	55.4
597.8	55.7
598.7	56.1
599.6	56.5
600.5	56.8
601.3	56.7
602.2	56.6
603.1	56.1
604.0	55.3
604.9	54.5
605.8	53.5
606.7	52.6
607.6	51.3
608.4	50.1
609.3	49.0
610.2	47.9
611.1	46.4
612.0	45.5
612.9	44.3
613.8	43.4
614.6	42.3
615.5	41.6
616.4	40.6
617.3	39.8
618.2	38.7
619.1	37.8
620.0	36.8
620.9	36.1
621.7	35.0
622.6	34.4
623.5	33.3
624.4	32.6
625.3	31.6
626.2	30.9
627.1	29.7
627.9	29.3
628.8	28.2
629.7	27.7
630.6	26.8
631.5	26.3
632.4	25.4
633.3	25.1
634.2	24.4
635.0	24.1
635.9	23.4
636.8	23.0
637.7	22.2
638.6	21.8
639.5	20.8
640.4	20.5
641.3	19.6
642.1	19.0
643.0	18.2
643.9	17.7
644.8	16.7
645.7	16.5
646.6	15.6
647.5	15.1
648.3	14.5
649.2	14.1
650.1	13.1
651.0	12.8
651.9	12.0
652.8	11.6
653.7	11.0
654.6	10.6
655.4	10.0
656.3	9.7
657.2	9.2
658.1	8.7
659.0	8.1
659.9	7.7
660.8	7.2
661.6	7.0
662.5	6.6
663.4	6.5
664.3	6.3
665.2	6.0
666.1	6.0
667.0	5.7
667.9	5.6
668.7	5.5
669.6	5.6
670.5	5.4
671.4	5.4
672.3	5.2
673.2	5.1
674.1	5.0
675.0	4.9
675.8	4.8
676.7	4.8
677.6	4.7
678.5	4.5
679.4	4.4
680.3	4.4
681.2	4.4
682.0	4.4
682.9	4.3
683.8	4.3
684.7	4.3
685.6	4.3
686.5	4.1
687.4	4.0
688.3	3.9
689.1	3.9
690.0	3.9
690.9	3.7
691.8	3.6
692.7	3.5
693.6	3.5
694.5	3.5
695.3	3.4
696.2	3.4
697.1	3.4
698.0	3.5
698.9	3.4
699.8	3.4
700.7	3.3
701.6	3.2
702.4	3.3
703.3	3.2
704.2	3.2
705.1	3.1
706.0	3.1
706.9	3.0
707.8	3.0
708.7	2.9
709.5	2.9
710.4	2.9
711.3	2.9
712.2	2.8
713.1	2.8
714.0	2.8
714.9	2.7
715.7	2.7
716.6	2.8
717.5	2.8
718.4	2.7
719.3	2.7
720.2	2.7
721.1	2.8
722.0	2.7
722.8	2.7
723.7	2.7
724.6	2.7
725.5	2.7
726.4	2.7
727.3	2.7
728.2	2.7
729.0	2.8
729.9	2.8
730.8	2.7
731.7	2.7
732.6	2.6
733.5	2.7
734.4	2.6
735.3	2.7
736.1	2.7
737.0	2.7
737.9	2.7
738.8	2.6
739.7	2.6
740.6	2.6
741.5	2.6
742.3	2.6
743.2	2.6
744.1	2.6
745.0	2.6
745.9	2.6
746.8	2.6
747.7	2.6
748.6	2.6
749.4	2.6
750.3	2.6
751.2	2.6
752.1	2.6
753.0	2.6
753.9	2.6
754.8	2.6
755.7	2.5
756.5	2.6
757.4	2.6
758.3	2.5
759.2	2.5
760.1	2.5
761.0	2.5
761.9	2.6
762.7	2.6
763.6	2.6
764.5	2.6
765.4	2.5
766.3	2.5
767.2	2.5
768.1	2.5
769.0	2.5
769.8	2.6
770.7	2.6
771.6	2.6
772.5	2.6
773.4	2.6
774.3	2.6
775.2	2.6
776.0	2.6
776.9	2.6
777.8	2.6
778.7	2.6
779.6	2.6
780.5	2.6
781.4	2.6
782.3	2.6
783.1	2.5
784.0	2.5
784.9	2.5
785.8	2.5
786.7	2.5
787.6	2.5
788.5	2.5
789.4	2.5
790.2	2.5
791.1	2.5
792.0	2.4
792.9	2.5
793.8	2.5
794.7	2.5
795.6	2.5
796.4	2.5
797.3	2.5
798.2	2.5
799.1	2.5
800.0	2.5
800.9	2.4
801.8	2.4
802.7	2.4
803.5	2.5
804.4	2.5
805.3	2.5
806.2	2.5
807.1	2.5
808.0	2.6
808.9	2.5
809.7	2.5
810.6	2.5
811.5	2.5
812.4	2.5
813.3	2.5
814.2	2.6
815.1	2.6
816.0	2.6
816.8	2.5
817.7	2.5
818.6	2.5
819.5	2.6
820.4	2.5
821.3	2.6
822.2	2.5
823.0	2.5
823.9	2.5
824.8	2.4
825.7	2.4
826.6	2.4
827.5	2.4
828.4	2.4
829.3	2.4
830.1	2.4
831.0	2.4
831.9	2.4
832.8	2.4
833.7	2.4
834.6	2.4
835.5	2.4
836.4	2.5
837.2	2.4
838.1	2.5
839.0	2.5
839.9	2.5
840.8	2.5
841.7	2.4
842.6	2.4
843.4	2.4
844.3	2.4
845.2	2.4
846.1	2.4
847.0	2.4
847.9	2.4
848.8	2.4
849.7	2.4
850.5	2.4
851.4	2.4
852.3	2.4
853.2	2.4
854.1	2.4
855.0	2.4
855.9	2.4
856.7	2.4
857.6	2.4
858.5	2.4
859.4	2.4
860.3	2.4
861.2	2.4
862.1	2.4
863.0	2.4
863.8	2.4
864.7	2.4
865.6	2.4
866.5	2.4
867.4	2.4
868.3	2.4
869.2	2.4
870.1	2.3
870.9	2.3
871.8	2.4
872.7	2.4
