 nm      %
------------
306.0	5.1
306.9	4.8
307.8	4.9
308.7	4.9
309.6	4.7
310.5	4.7
311.4	4.5
312.2	4.6
313.1	4.7
314.0	4.8
314.9	5.0
315.8	5.1
316.7	5.0
317.6	4.8
318.5	4.6
319.3	4.5
320.2	4.6
321.1	4.7
322.0	4.8
322.9	4.8
323.8	4.9
324.7	4.9
325.5	4.9
326.4	4.9
327.3	5.0
328.2	5.0
329.1	4.9
330.0	4.9
330.9	4.8
331.8	4.8
332.6	4.8
333.5	4.8
334.4	4.8
335.3	4.8
336.2	4.8
337.1	4.8
338.0	4.7
338.8	4.7
339.7	4.6
340.6	4.7
341.5	4.7
342.4	4.8
343.3	4.8
344.2	4.7
345.1	4.8
345.9	5.0
346.8	5.2
347.7	5.3
348.6	5.2
349.5	5.1
350.4	5.1
351.3	5.1
352.1	5.0
353.0	5.0
353.9	5.0
354.8	5.1
355.7	5.1
356.6	5.2
357.5	5.1
358.4	5.0
359.2	5.0
360.1	5.0
361.0	5.1
361.9	5.1
362.8	5.2
363.7	5.2
364.6	5.3
365.5	5.3
366.3	5.3
367.2	5.3
368.1	5.2
369.0	5.3
369.9	5.4
370.8	5.3
371.7	5.2
372.5	5.1
373.4	5.1
374.3	5.1
375.2	5.1
376.1	5.3
377.0	5.4
377.9	5.4
378.8	5.4
379.6	5.3
380.5	5.4
381.4	5.4
382.3	5.3
383.2	5.3
384.1	5.4
385.0	5.4
385.8	5.4
386.7	5.3
387.6	5.3
388.5	5.3
389.4	5.3
390.3	5.4
391.2	5.5
392.1	5.6
392.9	5.5
393.8	5.5
394.7	5.5
395.6	5.6
396.5	5.5
397.4	5.4
398.3	5.3
399.2	5.3
400.0	5.5
400.9	5.6
401.8	5.6
402.7	5.6
403.6	5.6
404.5	5.5
405.4	5.6
406.2	5.7
407.1	5.8
408.0	5.9
408.9	5.9
409.8	5.8
410.7	5.8
411.6	5.8
412.5	5.9
413.3	5.8
414.2	5.6
415.1	5.6
416.0	5.6
416.9	5.6
417.8	5.6
418.7	5.6
419.5	5.7
420.4	5.8
421.3	5.8
422.2	5.9
423.1	5.9
424.0	5.9
424.9	5.9
425.8	5.9
426.6	5.9
427.5	6.0
428.4	6.1
429.3	6.2
430.2	6.1
431.1	6.3
432.0	6.4
432.9	6.6
433.7	6.7
434.6	6.7
435.5	6.8
436.4	7.0
437.3	7.1
438.2	7.4
439.1	7.7
439.9	8.2
440.8	8.8
441.7	9.1
442.6	9.7
443.5	10.5
444.4	11.3
445.3	12.4
446.2	13.8
447.0	14.6
447.9	16.1
448.8	17.7
449.7	18.8
450.6	20.3
451.5	21.8
452.4	23.1
453.2	24.8
454.1	26.8
455.0	28.5
455.9	30.5
456.8	32.5
457.7	34.3
458.6	36.6
459.5	38.8
460.3	40.6
461.2	42.5
462.1	44.0
463.0	45.0
463.9	46.1
464.8	46.7
465.7	47.4
466.5	47.5
467.4	47.5
468.3	47.3
469.2	46.8
470.1	46.1
471.0	45.3
471.9	44.6
472.8	43.3
473.6	42.5
474.5	40.8
475.4	39.9
476.3	38.0
477.2	37.0
478.1	35.5
479.0	34.7
479.9	33.0
480.7	32.4
481.6	31.0
482.5	30.3
483.4	29.0
484.3	28.4
485.2	27.0
486.1	26.6
486.9	25.6
487.8	25.1
488.7	24.2
489.6	23.7
490.5	22.9
491.4	22.7
492.3	22.3
493.2	22.2
494.0	21.9
494.9	21.9
495.8	21.7
496.7	21.6
497.6	21.4
498.5	21.4
499.4	21.4
500.2	21.5
501.1	21.6
502.0	22.0
502.9	22.5
503.8	22.7
504.7	23.2
505.6	23.7
506.5	24.4
507.3	25.1
508.2	26.3
509.1	27.1
510.0	28.4
510.9	29.8
511.8	31.4
512.7	33.1
513.6	35.4
514.4	37.3
515.3	40.2
516.2	42.3
517.1	44.6
518.0	47.4
518.9	50.4
519.8	52.8
520.6	55.7
521.5	58.3
522.4	61.4
523.3	64.6
524.2	67.5
525.1	70.5
526.0	73.5
526.9	76.2
527.7	78.9
528.6	81.3
529.5	83.6
530.4	86.0
531.3	87.6
532.2	89.2
533.1	90.7
533.9	92.3
534.8	93.4
535.7	94.8
536.6	96.1
537.5	96.8
538.4	97.4
539.3	97.9
540.2	98.5
541.0	98.9
541.9	99.5
542.8	99.9
543.7	100.0
544.6	99.7
545.5	99.5
546.4	99.4
547.2	99.1
548.1	98.7
549.0	98.4
549.9	98.1
550.8	97.5
551.7	97.1
552.6	96.4
553.5	95.8
554.3	94.9
555.2	94.5
556.1	93.4
557.0	92.6
557.9	91.3
558.8	90.3
559.7	88.8
560.6	87.9
561.4	86.0
562.3	85.0
563.2	83.2
564.1	82.1
565.0	80.0
565.9	79.1
566.8	76.6
567.6	75.5
568.5	72.8
569.4	71.8
570.3	69.3
571.2	68.4
572.1	65.5
573.0	64.4
573.9	61.4
574.7	60.2
575.6	57.4
576.5	56.7
577.4	53.7
578.3	52.6
579.2	49.5
580.1	48.2
580.9	45.7
581.8	44.6
582.7	41.7
583.6	41.0
584.5	38.6
585.4	37.6
586.3	35.5
587.2	34.6
588.0	32.6
588.9	31.9
589.8	30.0
590.7	29.1
591.6	27.7
592.5	26.8
593.4	25.3
594.3	24.7
595.1	23.9
596.0	23.5
596.9	23.1
597.8	22.6
598.7	22.5
599.6	22.4
600.5	22.2
601.3	21.9
602.2	21.7
603.1	21.0
604.0	20.2
604.9	19.7
605.8	18.8
606.7	18.2
607.6	17.2
608.4	16.4
609.3	15.9
610.2	15.1
611.1	14.1
612.0	13.5
612.9	12.7
613.8	12.1
614.6	11.5
615.5	11.2
616.4	10.6
617.3	10.3
618.2	9.7
619.1	9.3
620.0	9.1
620.9	8.7
621.7	8.3
622.6	8.2
623.5	8.0
624.4	7.8
625.3	7.8
626.2	7.5
627.1	7.2
627.9	6.9
628.8	6.9
629.7	6.8
630.6	6.8
631.5	6.5
632.4	6.2
633.3	6.1
634.2	6.0
635.0	5.9
635.9	5.7
636.8	5.7
637.7	5.6
638.6	5.4
639.5	5.3
640.4	5.3
641.3	5.1
642.1	5.0
643.0	4.8
643.9	4.8
644.8	4.6
645.7	4.6
646.6	4.5
647.5	4.5
648.3	4.4
649.2	4.4
650.1	4.4
651.0	4.4
651.9	4.4
652.8	4.3
653.7	4.3
654.6	4.3
655.4	4.2
656.3	4.2
657.2	4.1
658.1	3.9
659.0	3.9
659.9	3.8
660.8	3.8
661.6	3.9
662.5	3.9
663.4	4.0
664.3	4.0
665.2	3.9
666.1	3.9
667.0	3.8
667.9	3.8
668.7	3.9
669.6	4.0
670.5	3.9
671.4	3.8
672.3	3.7
673.2	3.6
674.1	3.5
675.0	3.4
675.8	3.4
676.7	3.4
677.6	3.4
678.5	3.2
679.4	3.2
680.3	3.2
681.2	3.2
682.0	3.3
682.9	3.3
683.8	3.3
684.7	3.3
685.6	3.3
686.5	3.2
687.4	3.2
688.3	3.2
689.1	3.3
690.0	3.3
690.9	3.2
691.8	3.2
692.7	3.1
693.6	3.1
694.5	3.2
695.3	3.2
696.2	3.2
697.1	3.1
698.0	3.2
698.9	3.1
699.8	3.1
700.7	3.1
701.6	3.1
702.4	3.1
703.3	3.1
704.2	3.1
705.1	3.1
706.0	3.1
706.9	3.0
707.8	3.0
708.7	3.0
709.5	3.0
710.4	3.0
711.3	3.0
712.2	3.0
713.1	3.0
714.0	2.9
714.9	2.9
715.7	3.0
716.6	3.0
717.5	3.0
718.4	3.0
719.3	3.0
720.2	3.0
721.1	3.1
722.0	3.1
722.8	3.1
723.7	3.0
724.6	3.1
725.5	3.0
726.4	3.1
727.3	3.1
728.2	3.1
729.0	3.1
729.9	3.1
730.8	3.0
731.7	3.0
732.6	3.0
733.5	3.0
734.4	3.0
735.3	3.0
736.1	3.0
737.0	3.0
737.9	3.0
738.8	3.1
739.7	3.0
740.6	3.0
741.5	3.0
742.3	3.0
743.2	3.0
744.1	3.0
745.0	3.0
745.9	3.0
746.8	3.0
747.7	2.9
748.6	2.9
749.4	2.9
750.3	2.9
751.2	2.9
752.1	2.9
753.0	2.9
753.9	2.9
754.8	2.9
755.7	2.8
756.5	2.8
757.4	2.8
758.3	2.8
759.2	2.8
760.1	2.9
761.0	2.9
761.9	2.9
762.7	2.9
763.6	2.9
764.5	2.9
765.4	2.8
766.3	2.8
767.2	2.9
768.1	2.8
769.0	2.9
769.8	3.0
770.7	3.0
771.6	3.0
772.5	3.0
773.4	3.1
774.3	3.0
775.2	3.0
776.0	3.0
776.9	3.0
777.8	3.0
778.7	3.0
779.6	2.9
780.5	2.9
781.4	2.9
782.3	2.9
783.1	2.9
784.0	2.9
784.9	2.9
785.8	2.8
786.7	2.9
787.6	2.9
788.5	2.9
789.4	2.9
790.2	2.8
791.1	2.8
792.0	2.8
792.9	2.8
793.8	2.8
794.7	2.8
795.6	2.8
796.4	2.8
797.3	2.8
798.2	2.9
799.1	2.9
800.0	2.9
800.9	2.8
801.8	2.8
802.7	2.8
803.5	2.9
804.4	2.9
805.3	2.9
806.2	2.9
807.1	2.9
808.0	2.9
808.9	2.9
809.7	2.9
810.6	2.9
811.5	2.8
812.4	2.9
813.3	2.9
814.2	2.9
815.1	3.0
816.0	3.0
816.8	2.9
817.7	2.9
818.6	2.9
819.5	2.9
820.4	2.9
821.3	2.8
822.2	2.8
823.0	2.8
823.9	2.8
824.8	2.9
825.7	2.9
826.6	2.8
827.5	2.8
828.4	2.8
829.3	2.8
830.1	2.8
831.0	2.8
831.9	2.8
832.8	2.8
833.7	2.8
834.6	2.8
835.5	2.9
836.4	2.8
837.2	2.8
838.1	2.8
839.0	2.8
839.9	2.8
840.8	2.8
841.7	2.8
842.6	2.7
843.4	2.7
844.3	2.7
845.2	2.7
846.1	2.7
847.0	2.7
847.9	2.7
848.8	2.7
849.7	2.7
850.5	2.7
851.4	2.7
852.3	2.8
853.2	2.7
854.1	2.7
855.0	2.8
855.9	2.8
856.7	2.8
857.6	2.7
858.5	2.7
859.4	2.7
860.3	2.6
861.2	2.7
862.1	2.8
863.0	2.8
863.8	2.9
864.7	2.8
865.6	2.8
866.5	2.8
867.4	2.9
868.3	2.8
869.2	2.8
870.1	2.8
870.9	2.7
871.8	2.8
872.7	2.8
