 nm      %
------------
306.0	5.1
306.9	4.8
307.8	4.9
308.7	4.9
309.6	4.7
310.5	4.7
311.4	4.7
312.2	4.8
313.1	4.9
314.0	4.9
314.9	5.1
315.8	5.1
316.7	5.1
317.6	4.9
318.5	4.7
319.3	4.5
320.2	4.5
321.1	4.6
322.0	4.8
322.9	4.9
323.8	4.9
324.7	4.9
325.5	5.0
326.4	5.0
327.3	5.1
328.2	5.1
329.1	5.1
330.0	4.9
330.9	4.9
331.8	4.9
332.6	4.8
333.5	4.7
334.4	4.7
335.3	4.7
336.2	4.6
337.1	4.6
338.0	4.7
338.8	4.7
339.7	4.7
340.6	4.7
341.5	4.7
342.4	4.7
343.3	4.8
344.2	4.8
345.1	4.8
345.9	5.0
346.8	5.1
347.7	5.3
348.6	5.3
349.5	5.2
350.4	5.0
351.3	5.0
352.1	5.0
353.0	4.9
353.9	5.0
354.8	5.0
355.7	5.0
356.6	5.0
357.5	5.0
358.4	5.0
359.2	5.0
360.1	5.0
361.0	5.1
361.9	5.1
362.8	5.1
363.7	5.1
364.6	5.1
365.5	5.1
366.3	5.1
367.2	5.2
368.1	5.2
369.0	5.3
369.9	5.3
370.8	5.2
371.7	5.2
372.5	5.1
373.4	5.1
374.3	5.1
375.2	5.1
376.1	5.2
377.0	5.3
377.9	5.3
378.8	5.3
379.6	5.3
380.5	5.3
381.4	5.3
382.3	5.3
383.2	5.2
384.1	5.3
385.0	5.3
385.8	5.3
386.7	5.3
387.6	5.2
388.5	5.3
389.4	5.4
390.3	5.4
391.2	5.5
392.1	5.5
392.9	5.5
393.8	5.4
394.7	5.5
395.6	5.5
396.5	5.4
397.4	5.3
398.3	5.3
399.2	5.4
400.0	5.6
400.9	5.6
401.8	5.5
402.7	5.5
403.6	5.5
404.5	5.5
405.4	5.6
406.2	5.7
407.1	5.8
408.0	5.8
408.9	5.7
409.8	5.7
410.7	5.7
411.6	5.7
412.5	5.7
413.3	5.6
414.2	5.6
415.1	5.5
416.0	5.6
416.9	5.6
417.8	5.6
418.7	5.6
419.5	5.7
420.4	5.6
421.3	5.8
422.2	5.8
423.1	5.9
424.0	5.9
424.9	5.9
425.8	5.9
426.6	5.9
427.5	6.0
428.4	6.1
429.3	6.2
430.2	6.3
431.1	6.4
432.0	6.4
432.9	6.7
433.7	6.7
434.6	6.9
435.5	7.0
436.4	7.0
437.3	7.1
438.2	7.4
439.1	7.6
439.9	8.1
440.8	8.8
441.7	9.1
442.6	9.6
443.5	10.5
444.4	11.3
445.3	12.4
446.2	13.8
447.0	14.7
447.9	16.0
448.8	17.6
449.7	18.7
450.6	20.2
451.5	21.7
452.4	23.1
453.2	24.8
454.1	26.9
455.0	28.7
455.9	30.8
456.8	32.8
457.7	34.5
458.6	36.8
459.5	39.0
460.3	40.8
461.2	42.7
462.1	44.1
463.0	45.1
463.9	46.1
464.8	46.8
465.7	47.5
466.5	47.7
467.4	47.5
468.3	47.4
469.2	46.9
470.1	46.4
471.0	45.6
471.9	44.7
472.8	43.6
473.6	42.7
474.5	41.0
475.4	40.1
476.3	38.0
477.2	37.1
478.1	35.5
479.0	34.8
479.9	33.2
480.7	32.6
481.6	31.2
482.5	30.6
483.4	29.3
484.3	28.6
485.2	27.3
486.1	26.8
486.9	25.6
487.8	25.2
488.7	24.3
489.6	23.9
490.5	23.0
491.4	22.9
492.3	22.4
493.2	22.3
494.0	22.1
494.9	22.0
495.8	21.8
496.7	21.6
497.6	21.5
498.5	21.5
499.4	21.7
500.2	21.8
501.1	22.0
502.0	22.2
502.9	22.6
503.8	22.8
504.7	23.3
505.6	23.8
506.5	24.4
507.3	25.3
508.2	26.3
509.1	27.0
510.0	28.4
510.9	29.9
511.8	31.5
512.7	33.1
513.6	35.3
514.4	37.2
515.3	40.1
516.2	42.4
517.1	44.7
518.0	47.6
518.9	50.6
519.8	53.0
520.6	56.0
521.5	58.6
522.4	62.0
523.3	65.0
524.2	67.8
525.1	71.0
526.0	73.8
526.9	76.2
527.7	78.8
528.6	81.5
529.5	84.0
530.4	86.5
531.3	88.0
532.2	89.6
533.1	91.2
533.9	93.0
534.8	94.1
535.7	95.4
536.6	96.7
537.5	97.3
538.4	98.0
539.3	98.6
540.2	99.0
541.0	99.5
541.9	99.8
542.8	100.0
543.7	100.0
544.6	99.7
545.5	99.6
546.4	99.7
547.2	99.5
548.1	99.1
549.0	98.6
549.9	98.2
550.8	97.8
551.7	97.4
552.6	96.9
553.5	96.4
554.3	95.4
555.2	94.8
556.1	93.6
557.0	92.8
557.9	91.4
558.8	90.6
559.7	89.0
560.6	88.2
561.4	86.2
562.3	85.2
563.2	83.3
564.1	82.3
565.0	80.1
565.9	79.3
566.8	77.1
567.6	75.9
568.5	73.2
569.4	72.1
570.3	69.5
571.2	68.6
572.1	65.8
573.0	64.7
573.9	62.0
574.7	60.8
575.6	57.9
576.5	57.0
577.4	53.9
578.3	52.8
579.2	49.5
580.1	48.4
580.9	45.8
581.8	44.7
582.7	41.8
583.6	41.1
584.5	38.6
585.4	37.6
586.3	35.5
587.2	34.6
588.0	32.5
588.9	31.9
589.8	30.0
590.7	29.0
591.6	27.8
592.5	26.9
593.4	25.5
594.3	24.8
595.1	23.8
596.0	23.3
596.9	23.0
597.8	22.6
598.7	22.6
599.6	22.4
600.5	22.1
601.3	21.8
602.2	21.6
603.1	21.0
604.0	20.4
604.9	19.7
605.8	18.8
606.7	18.1
607.6	17.1
608.4	16.3
609.3	15.7
610.2	15.0
611.1	14.0
612.0	13.5
612.9	12.6
613.8	12.2
614.6	11.7
615.5	11.4
616.4	10.8
617.3	10.5
618.2	9.8
619.1	9.4
620.0	9.1
620.9	8.7
621.7	8.3
622.6	8.0
623.5	7.9
624.4	7.6
625.3	7.6
626.2	7.4
627.1	7.1
627.9	6.9
628.8	6.8
629.7	6.7
630.6	6.7
631.5	6.4
632.4	6.2
633.3	6.0
634.2	5.8
635.0	5.8
635.9	5.7
636.8	5.6
637.7	5.5
638.6	5.4
639.5	5.2
640.4	5.2
641.3	5.1
642.1	4.9
643.0	4.7
643.9	4.6
644.8	4.5
645.7	4.6
646.6	4.5
647.5	4.5
648.3	4.5
649.2	4.5
650.1	4.4
651.0	4.4
651.9	4.3
652.8	4.3
653.7	4.2
654.6	4.2
655.4	4.1
656.3	4.1
657.2	4.0
658.1	3.9
659.0	3.8
659.9	3.7
660.8	3.7
661.6	3.8
662.5	4.0
663.4	4.1
664.3	4.1
665.2	4.0
666.1	3.9
667.0	3.8
667.9	3.8
668.7	3.9
669.6	3.9
670.5	3.8
671.4	3.7
672.3	3.7
673.2	3.6
674.1	3.6
675.0	3.6
675.8	3.5
676.7	3.4
677.6	3.4
678.5	3.3
679.4	3.2
680.3	3.2
681.2	3.2
682.0	3.2
682.9	3.2
683.8	3.2
684.7	3.3
685.6	3.3
686.5	3.2
687.4	3.2
688.3	3.2
689.1	3.2
690.0	3.2
690.9	3.1
691.8	3.1
692.7	3.1
693.6	3.1
694.5	3.1
695.3	3.2
696.2	3.1
697.1	3.1
698.0	3.2
698.9	3.2
699.8	3.2
700.7	3.1
701.6	3.1
702.4	3.2
703.3	3.2
704.2	3.2
705.1	3.2
706.0	3.2
706.9	3.1
707.8	3.1
708.7	3.0
709.5	3.0
710.4	3.0
711.3	3.0
712.2	3.0
713.1	3.0
714.0	2.9
714.9	3.0
715.7	3.0
716.6	3.0
717.5	3.0
718.4	3.0
719.3	3.1
720.2	3.1
721.1	3.1
722.0	3.1
722.8	3.1
723.7	3.1
724.6	3.1
725.5	3.1
726.4	3.1
727.3	3.1
728.2	3.0
729.0	3.1
729.9	3.0
730.8	3.0
731.7	3.0
732.6	2.9
733.5	3.0
734.4	3.0
735.3	3.0
736.1	3.0
737.0	3.0
737.9	3.0
738.8	3.0
739.7	3.0
740.6	3.0
741.5	2.9
742.3	3.0
743.2	3.0
744.1	2.9
745.0	2.9
745.9	2.9
746.8	2.9
747.7	3.0
748.6	3.0
749.4	3.0
750.3	2.9
751.2	3.0
752.1	3.0
753.0	2.9
753.9	2.9
754.8	2.9
755.7	2.9
756.5	2.9
757.4	2.9
758.3	2.9
759.2	2.9
760.1	2.9
761.0	2.9
761.9	2.9
762.7	2.9
763.6	2.9
764.5	3.0
765.4	2.9
766.3	2.9
767.2	2.9
768.1	2.8
769.0	2.9
769.8	2.9
770.7	2.9
771.6	3.0
772.5	3.0
773.4	3.1
774.3	3.1
775.2	3.1
776.0	3.1
776.9	3.1
777.8	3.0
778.7	3.0
779.6	3.0
780.5	3.0
781.4	3.0
782.3	3.0
783.1	3.0
784.0	3.0
784.9	2.9
785.8	2.9
786.7	2.9
787.6	2.9
788.5	2.9
789.4	2.9
790.2	2.9
791.1	2.9
792.0	2.9
792.9	2.8
793.8	2.8
794.7	2.8
795.6	2.8
796.4	2.8
797.3	2.8
798.2	2.9
799.1	2.9
800.0	2.8
800.9	2.8
801.8	2.9
802.7	2.9
803.5	2.9
804.4	2.9
805.3	2.9
806.2	2.9
807.1	2.9
808.0	2.9
808.9	2.9
809.7	2.9
810.6	2.9
811.5	2.9
812.4	2.9
813.3	2.9
814.2	2.9
815.1	2.9
816.0	2.9
816.8	2.9
817.7	2.9
818.6	2.9
819.5	3.0
820.4	3.0
821.3	3.0
822.2	2.9
823.0	2.9
823.9	2.9
824.8	2.9
825.7	2.8
826.6	2.9
827.5	2.8
828.4	2.7
829.3	2.7
830.1	2.8
831.0	2.8
831.9	2.8
832.8	2.8
833.7	2.8
834.6	2.8
835.5	2.8
836.4	2.8
837.2	2.8
838.1	2.8
839.0	2.9
839.9	2.9
840.8	2.8
841.7	2.8
842.6	2.8
843.4	2.8
844.3	2.7
845.2	2.7
846.1	2.7
847.0	2.7
847.9	2.7
848.8	2.7
849.7	2.7
850.5	2.8
851.4	2.8
852.3	2.8
853.2	2.8
854.1	2.7
855.0	2.8
855.9	2.8
856.7	2.8
857.6	2.7
858.5	2.7
859.4	2.7
860.3	2.7
861.2	2.7
862.1	2.8
863.0	2.9
863.8	2.9
864.7	2.9
865.6	2.8
866.5	2.8
867.4	2.8
868.3	2.8
869.2	2.8
870.1	2.8
870.9	2.8
871.8	2.8
872.7	2.8
