 nm      %
------------
306.0	5.1
306.9	4.8
307.8	4.8
308.7	4.8
309.6	4.8
310.5	4.7
311.4	4.7
312.2	4.7
313.1	4.8
314.0	4.9
314.9	4.9
315.8	4.9
316.7	4.9
317.6	4.8
318.5	4.8
319.3	4.7
320.2	4.7
321.1	4.8
322.0	4.8
322.9	4.9
323.8	4.9
324.7	4.8
325.5	4.8
326.4	4.8
327.3	4.8
328.2	4.8
329.1	4.8
330.0	4.8
330.9	4.8
331.8	4.8
332.6	4.8
333.5	4.8
334.4	4.7
335.3	4.7
336.2	4.7
337.1	4.7
338.0	4.7
338.8	4.7
339.7	4.7
340.6	4.7
341.5	4.7
342.4	4.8
343.3	4.8
344.2	4.8
345.1	4.8
345.9	4.9
346.8	5.0
347.7	5.0
348.6	5.0
349.5	5.0
350.4	4.9
351.3	4.8
352.1	4.8
353.0	4.8
353.9	4.8
354.8	4.8
355.7	4.8
356.6	4.8
357.5	4.8
358.4	4.8
359.2	4.8
360.1	4.9
361.0	4.9
361.9	4.9
362.8	4.9
363.7	4.9
364.6	4.9
365.5	4.9
366.3	4.9
367.2	4.9
368.1	4.9
369.0	5.0
369.9	5.1
370.8	5.1
371.7	5.0
372.5	5.0
373.4	5.0
374.3	5.0
375.2	5.0
376.1	5.0
377.0	5.1
377.9	5.1
378.8	5.1
379.6	5.1
380.5	5.1
381.4	5.1
382.3	5.1
383.2	5.1
384.1	5.1
385.0	5.1
385.8	5.2
386.7	5.2
387.6	5.1
388.5	5.1
389.4	5.1
390.3	5.2
391.2	5.3
392.1	5.3
392.9	5.3
393.8	5.3
394.7	5.3
395.6	5.3
396.5	5.3
397.4	5.2
398.3	5.2
399.2	5.3
400.0	5.4
400.9	5.5
401.8	5.6
402.7	5.5
403.6	5.4
404.5	5.5
405.4	5.5
406.2	5.6
407.1	5.7
408.0	5.7
408.9	5.7
409.8	5.8
410.7	5.8
411.6	5.8
412.5	5.9
413.3	5.8
414.2	5.8
415.1	5.7
416.0	5.8
416.9	5.9
417.8	5.9
418.7	5.9
419.5	6.0
420.4	6.0
421.3	6.1
422.2	6.1
423.1	6.1
424.0	6.1
424.9	6.2
425.8	6.3
426.6	6.3
427.5	6.4
428.4	6.5
429.3	6.6
430.2	6.6
431.1	6.7
432.0	6.7
432.9	7.0
433.7	7.1
434.6	7.3
435.5	7.4
436.4	7.7
437.3	8.2
438.2	8.6
439.1	9.0
439.9	9.5
440.8	10.3
441.7	10.8
442.6	11.4
443.5	12.2
444.4	12.9
445.3	13.7
446.2	14.5
447.0	15.2
447.9	16.2
448.8	17.1
449.7	17.9
450.6	18.8
451.5	19.7
452.4	20.4
453.2	21.4
454.1	22.5
455.0	23.5
455.9	24.5
456.8	25.4
457.7	26.2
458.6	27.2
459.5	28.1
460.3	28.8
461.2	29.5
462.1	30.0
463.0	30.4
463.9	30.7
464.8	30.9
465.7	31.0
466.5	31.0
467.4	30.9
468.3	30.7
469.2	30.5
470.1	30.3
471.0	29.9
471.9	29.5
472.8	28.9
473.6	28.5
474.5	27.9
475.4	27.6
476.3	26.9
477.2	26.6
478.1	26.0
479.0	25.6
479.9	25.0
480.7	24.7
481.6	24.1
482.5	23.8
483.4	23.2
484.3	22.9
485.2	22.4
486.1	22.3
486.9	22.0
487.8	21.8
488.7	21.6
489.6	21.4
490.5	21.2
491.4	21.1
492.3	21.1
493.2	21.2
494.0	21.3
494.9	21.5
495.8	21.6
496.7	21.7
497.6	22.0
498.5	22.3
499.4	22.7
500.2	23.1
501.1	23.5
502.0	24.0
502.9	24.5
503.8	25.0
504.7	25.7
505.6	26.4
506.5	27.4
507.3	28.4
508.2	29.7
509.1	30.8
510.0	32.2
510.9	33.7
511.8	35.6
512.7	37.4
513.6	39.6
514.4	41.9
515.3	44.4
516.2	46.7
517.1	48.9
518.0	51.3
518.9	54.4
519.8	57.0
520.6	59.5
521.5	62.1
522.4	65.0
523.3	67.8
524.2	70.4
525.1	73.1
526.0	75.8
526.9	77.9
527.7	80.0
528.6	82.0
529.5	84.0
530.4	85.8
531.3	87.1
532.2	88.1
533.1	89.3
533.9	90.5
534.8	91.4
535.7	92.4
536.6	93.1
537.5	93.8
538.4	94.5
539.3	95.2
540.2	95.8
541.0	96.4
541.9	97.2
542.8	97.7
543.7	98.3
544.6	98.6
545.5	99.0
546.4	99.3
547.2	99.5
548.1	99.6
549.0	99.8
549.9	99.9
550.8	100.0
551.7	100.0
552.6	99.9
553.5	99.9
554.3	99.6
555.2	99.6
556.1	99.4
557.0	99.1
557.9	98.8
558.8	98.5
559.7	98.1
560.6	97.9
561.4	97.5
562.3	97.1
563.2	96.6
564.1	96.2
565.0	95.5
565.9	95.2
566.8	94.5
567.6	94.1
568.5	93.3
569.4	93.0
570.3	92.1
571.2	91.7
572.1	90.8
573.0	90.3
573.9	89.4
574.7	89.0
575.6	88.0
576.5	87.7
577.4	86.8
578.3	86.3
579.2	85.2
580.1	84.8
580.9	83.7
581.8	83.2
582.7	82.3
583.6	82.1
584.5	81.4
585.4	81.2
586.3	81.2
587.2	81.6
588.0	82.5
588.9	83.6
589.8	85.2
590.7	86.5
591.6	88.4
592.5	89.5
593.4	91.1
594.3	91.8
595.1	92.6
596.0	93.2
596.9	93.2
597.8	92.8
598.7	92.6
599.6	92.3
600.5	91.8
601.3	91.1
602.2	90.3
603.1	89.5
604.0	88.4
604.9	87.4
605.8	86.1
606.7	84.9
607.6	82.8
608.4	81.3
609.3	79.5
610.2	78.1
611.1	76.0
612.0	74.6
612.9	72.7
613.8	71.3
614.6	69.8
615.5	68.7
616.4	67.1
617.3	65.6
618.2	63.6
619.1	62.4
620.0	60.8
620.9	59.5
621.7	58.0
622.6	57.0
623.5	55.5
624.4	54.6
625.3	53.6
626.2	53.0
627.1	52.2
627.9	51.8
628.8	51.3
629.7	51.1
630.6	50.7
631.5	50.4
632.4	50.1
633.3	49.9
634.2	49.8
635.0	49.7
635.9	49.4
636.8	49.3
637.7	49.0
638.6	48.8
639.5	48.3
640.4	48.1
641.3	47.5
642.1	47.1
643.0	46.5
643.9	46.2
644.8	45.6
645.7	45.4
646.6	44.8
647.5	44.5
648.3	43.9
649.2	43.6
650.1	42.9
651.0	42.6
651.9	41.7
652.8	41.3
653.7	40.3
654.6	39.8
655.4	38.6
656.3	38.2
657.2	36.9
658.1	36.3
659.0	34.7
659.9	34.1
660.8	32.1
661.6	31.7
662.5	29.9
663.4	29.3
664.3	27.5
665.2	26.8
666.1	25.0
667.0	24.4
667.9	22.3
668.7	21.8
669.6	19.9
670.5	19.2
671.4	17.3
672.3	16.8
673.2	15.1
674.1	14.8
675.0	13.3
675.8	12.9
676.7	11.8
677.6	11.4
678.5	10.3
679.4	10.0
680.3	9.2
681.2	8.9
682.0	8.4
682.9	8.1
683.8	7.7
684.7	7.6
685.6	7.2
686.5	6.8
687.4	6.6
688.3	6.4
689.1	6.2
690.0	6.0
690.9	5.7
691.8	5.6
692.7	5.4
693.6	5.3
694.5	5.2
695.3	5.1
696.2	5.0
697.1	4.9
698.0	4.9
698.9	4.8
699.8	4.7
700.7	4.6
701.6	4.5
702.4	4.4
703.3	4.4
704.2	4.3
705.1	4.3
706.0	4.2
706.9	4.1
707.8	4.0
708.7	4.0
709.5	3.9
710.4	3.9
711.3	3.9
712.2	3.9
713.1	3.8
714.0	3.7
714.9	3.6
715.7	3.6
716.6	3.6
717.5	3.6
718.4	3.6
719.3	3.5
720.2	3.6
721.1	3.6
722.0	3.5
722.8	3.5
723.7	3.4
724.6	3.3
725.5	3.3
726.4	3.2
727.3	3.2
728.2	3.2
729.0	3.2
729.9	3.1
730.8	3.1
731.7	3.0
732.6	3.0
733.5	3.0
734.4	3.0
735.3	3.0
736.1	2.9
737.0	2.9
737.9	2.9
738.8	2.9
739.7	2.9
740.6	2.8
741.5	2.8
742.3	2.7
743.2	2.7
744.1	2.7
745.0	2.7
745.9	2.7
746.8	2.6
747.7	2.6
748.6	2.5
749.4	2.5
750.3	2.5
751.2	2.5
752.1	2.5
753.0	2.4
753.9	2.4
754.8	2.3
755.7	2.3
756.5	2.2
757.4	2.2
758.3	2.2
759.2	2.2
760.1	2.2
761.0	2.2
761.9	2.2
762.7	2.2
763.6	2.1
764.5	2.2
765.4	2.1
766.3	2.0
767.2	2.0
768.1	2.0
769.0	2.1
769.8	2.1
770.7	2.1
771.6	2.2
772.5	2.2
773.4	2.2
774.3	2.1
775.2	2.1
776.0	2.0
776.9	2.0
777.8	2.0
778.7	1.9
779.6	1.9
780.5	1.9
781.4	2.0
782.3	2.0
783.1	2.1
784.0	2.0
784.9	1.9
785.8	1.9
786.7	1.8
787.6	1.8
788.5	1.8
789.4	1.8
790.2	1.8
791.1	1.8
792.0	1.8
792.9	1.8
793.8	1.8
794.7	1.8
795.6	1.8
796.4	1.8
797.3	1.8
798.2	1.8
799.1	1.8
800.0	1.7
800.9	1.7
801.8	1.8
802.7	1.7
803.5	1.7
804.4	1.7
805.3	1.7
806.2	1.7
807.1	1.7
808.0	1.8
808.9	1.8
809.7	1.7
810.6	1.7
811.5	1.7
812.4	1.7
813.3	1.7
814.2	1.8
815.1	1.7
816.0	1.7
816.8	1.7
817.7	1.8
818.6	1.8
819.5	1.8
820.4	1.7
821.3	1.7
822.2	1.7
823.0	1.7
823.9	1.7
824.8	1.7
825.7	1.7
826.6	1.7
827.5	1.7
828.4	1.7
829.3	1.7
830.1	1.7
831.0	1.7
831.9	1.7
832.8	1.7
833.7	1.7
834.6	1.7
835.5	1.8
836.4	1.7
837.2	1.7
838.1	1.7
839.0	1.7
839.9	1.7
840.8	1.7
841.7	1.7
842.6	1.7
843.4	1.6
844.3	1.7
845.2	1.6
846.1	1.6
847.0	1.6
847.9	1.6
848.8	1.7
849.7	1.7
850.5	1.6
851.4	1.6
852.3	1.6
853.2	1.6
854.1	1.6
855.0	1.7
855.9	1.7
856.7	1.7
857.6	1.7
858.5	1.7
859.4	1.6
860.3	1.6
861.2	1.6
862.1	1.7
863.0	1.7
863.8	1.8
864.7	1.8
865.6	1.8
866.5	1.7
867.4	1.7
868.3	1.7
869.2	1.6
870.1	1.6
870.9	1.6
871.8	1.6
872.7	1.7
