 nm      %
------------
306.0	4.7
306.9	4.5
307.8	4.5
308.7	4.5
309.6	4.4
310.5	4.4
311.4	4.4
312.2	4.3
313.1	4.4
314.0	4.5
314.9	4.6
315.8	4.6
316.7	4.6
317.6	4.5
318.5	4.4
319.3	4.3
320.2	4.4
321.1	4.4
322.0	4.5
322.9	4.5
323.8	4.5
324.7	4.5
325.5	4.6
326.4	4.5
327.3	4.6
328.2	4.6
329.1	4.6
330.0	4.5
330.9	4.6
331.8	4.5
332.6	4.5
333.5	4.6
334.4	4.6
335.3	4.6
336.2	4.5
337.1	4.5
338.0	4.5
338.8	4.6
339.7	4.6
340.6	4.6
341.5	4.6
342.4	4.6
343.3	4.6
344.2	4.6
345.1	4.6
345.9	4.6
346.8	4.7
347.7	4.7
348.6	4.7
349.5	4.7
350.4	4.7
351.3	4.6
352.1	4.6
353.0	4.6
353.9	4.6
354.8	4.6
355.7	4.7
356.6	4.7
357.5	4.6
358.4	4.6
359.2	4.6
360.1	4.6
361.0	4.6
361.9	4.7
362.8	4.7
363.7	4.7
364.6	4.7
365.5	4.7
366.3	4.6
367.2	4.6
368.1	4.6
369.0	4.7
369.9	4.7
370.8	4.7
371.7	4.7
372.5	4.7
373.4	4.6
374.3	4.6
375.2	4.7
376.1	4.7
377.0	4.8
377.9	4.8
378.8	4.8
379.6	4.8
380.5	4.8
381.4	4.8
382.3	4.8
383.2	4.8
384.1	4.8
385.0	4.9
385.8	4.9
386.7	4.9
387.6	4.9
388.5	4.9
389.4	5.0
390.3	5.0
391.2	5.1
392.1	5.2
392.9	5.2
393.8	5.1
394.7	5.1
395.6	5.1
396.5	5.0
397.4	5.0
398.3	5.0
399.2	5.1
400.0	5.2
400.9	5.3
401.8	5.2
402.7	5.2
403.6	5.2
404.5	5.2
405.4	5.3
406.2	5.3
407.1	5.4
408.0	5.4
408.9	5.4
409.8	5.4
410.7	5.4
411.6	5.5
412.5	5.5
413.3	5.5
414.2	5.5
415.1	5.5
416.0	5.5
416.9	5.5
417.8	5.6
418.7	5.5
419.5	5.6
420.4	5.7
421.3	5.8
422.2	5.8
423.1	5.9
424.0	5.9
424.9	6.0
425.8	6.1
426.6	6.2
427.5	6.3
428.4	6.4
429.3	6.5
430.2	6.6
431.1	6.7
432.0	6.8
432.9	7.0
433.7	7.2
434.6	7.4
435.5	7.8
436.4	8.2
437.3	8.7
438.2	9.3
439.1	9.8
439.9	10.4
440.8	11.2
441.7	11.8
442.6	12.6
443.5	13.3
444.4	14.2
445.3	15.1
446.2	16.0
447.0	16.7
447.9	17.7
448.8	18.6
449.7	19.4
450.6	20.4
451.5	21.3
452.4	22.1
453.2	23.1
454.1	24.2
455.0	25.3
455.9	26.2
456.8	27.1
457.7	27.7
458.6	28.4
459.5	29.1
460.3	29.6
461.2	30.1
462.1	30.4
463.0	30.4
463.9	30.2
464.8	30.0
465.7	29.8
466.5	29.4
467.4	29.0
468.3	28.6
469.2	28.0
470.1	27.6
471.0	27.0
471.9	26.5
472.8	25.9
473.6	25.3
474.5	24.6
475.4	24.3
476.3	23.6
477.2	23.3
478.1	22.8
479.0	22.6
479.9	22.0
480.7	21.8
481.6	21.4
482.5	21.0
483.4	20.6
484.3	20.4
485.2	20.1
486.1	20.0
486.9	20.0
487.8	20.0
488.7	19.8
489.6	19.7
490.5	19.8
491.4	19.8
492.3	20.0
493.2	20.2
494.0	20.4
494.9	20.7
495.8	21.0
496.7	21.2
497.6	21.6
498.5	21.9
499.4	22.4
500.2	23.0
501.1	23.5
502.0	24.2
502.9	25.1
503.8	25.9
504.7	26.9
505.6	27.9
506.5	29.1
507.3	30.6
508.2	32.3
509.1	33.8
510.0	35.7
510.9	37.6
511.8	39.8
512.7	42.0
513.6	44.5
514.4	47.2
515.3	49.9
516.2	52.3
517.1	54.9
518.0	57.5
518.9	60.4
519.8	63.1
520.6	65.7
521.5	68.4
522.4	70.7
523.3	73.2
524.2	75.8
525.1	77.9
526.0	80.0
526.9	81.7
527.7	83.6
528.6	85.2
529.5	86.7
530.4	88.1
531.3	89.1
532.2	90.2
533.1	91.4
533.9	92.4
534.8	93.4
535.7	94.1
536.6	95.4
537.5	96.1
538.4	96.9
539.3	97.4
540.2	97.9
541.0	98.3
541.9	98.9
542.8	99.4
543.7	99.7
544.6	99.8
545.5	100.0
546.4	100.0
547.2	99.9
548.1	99.8
549.0	99.8
549.9	99.7
550.8	99.6
551.7	99.5
552.6	99.3
553.5	99.1
554.3	98.9
555.2	98.7
556.1	98.2
557.0	97.9
557.9	97.4
558.8	97.1
559.7	96.7
560.6	96.2
561.4	95.7
562.3	95.4
563.2	94.7
564.1	94.2
565.0	93.4
565.9	93.0
566.8	92.1
567.6	91.5
568.5	90.6
569.4	90.1
570.3	89.2
571.2	88.8
572.1	87.9
573.0	87.3
573.9	86.4
574.7	85.9
575.6	84.9
576.5	84.5
577.4	83.5
578.3	83.0
579.2	82.1
580.1	81.7
580.9	81.2
581.8	81.1
582.7	81.1
583.6	81.5
584.5	82.4
585.4	83.0
586.3	84.3
587.2	85.6
588.0	87.2
588.9	88.5
589.8	90.5
590.7	90.9
591.6	91.7
592.5	92.1
593.4	92.0
594.3	91.9
595.1	91.4
596.0	91.0
596.9	90.4
597.8	89.7
598.7	88.8
599.6	88.2
600.5	86.9
601.3	86.1
602.2	84.7
603.1	83.5
604.0	81.6
604.9	80.3
605.8	78.2
606.7	76.9
607.6	75.0
608.4	73.5
609.3	71.8
610.2	70.5
611.1	68.6
612.0	67.3
612.9	65.7
613.8	64.5
614.6	63.2
615.5	62.3
616.4	61.3
617.3	60.5
618.2	59.5
619.1	58.7
620.0	57.8
620.9	57.1
621.7	56.1
622.6	55.8
623.5	55.1
624.4	54.7
625.3	54.1
626.2	53.8
627.1	53.3
627.9	53.2
628.8	53.0
629.7	52.9
630.6	52.8
631.5	52.5
632.4	52.2
633.3	52.1
634.2	51.7
635.0	51.6
635.9	51.2
636.8	50.9
637.7	50.5
638.6	50.4
639.5	49.7
640.4	49.4
641.3	48.7
642.1	48.4
643.0	47.6
643.9	47.2
644.8	46.4
645.7	46.3
646.6	45.4
647.5	45.1
648.3	44.2
649.2	43.9
650.1	42.9
651.0	42.6
651.9	41.5
652.8	41.0
653.7	39.7
654.6	39.3
655.4	37.7
656.3	37.3
657.2	35.4
658.1	34.9
659.0	32.9
659.9	32.2
660.8	30.0
661.6	29.5
662.5	27.5
663.4	27.0
664.3	25.0
665.2	24.4
666.1	22.4
667.0	21.8
667.9	19.8
668.7	19.5
669.6	17.6
670.5	17.0
671.4	15.3
672.3	14.9
673.2	13.4
674.1	13.2
675.0	11.8
675.8	11.4
676.7	10.5
677.6	10.1
678.5	9.2
679.4	9.1
680.3	8.3
681.2	8.1
682.0	7.8
682.9	7.5
683.8	7.1
684.7	6.9
685.6	6.5
686.5	6.3
687.4	6.1
688.3	5.9
689.1	5.8
690.0	5.7
690.9	5.4
691.8	5.3
692.7	5.1
693.6	5.0
694.5	4.9
695.3	4.8
696.2	4.7
697.1	4.7
698.0	4.6
698.9	4.5
699.8	4.5
700.7	4.4
701.6	4.2
702.4	4.2
703.3	4.1
704.2	4.0
705.1	4.0
706.0	3.9
706.9	3.8
707.8	3.7
708.7	3.7
709.5	3.6
710.4	3.7
711.3	3.6
712.2	3.6
713.1	3.5
714.0	3.4
714.9	3.3
715.7	3.4
716.6	3.4
717.5	3.5
718.4	3.4
719.3	3.4
720.2	3.3
721.1	3.3
722.0	3.3
722.8	3.2
723.7	3.2
724.6	3.1
725.5	3.1
726.4	3.1
727.3	3.0
728.2	3.0
729.0	3.1
729.9	3.0
730.8	3.0
731.7	2.9
732.6	2.9
733.5	2.9
734.4	2.9
735.3	2.9
736.1	2.9
737.0	2.9
737.9	2.9
738.8	2.9
739.7	2.8
740.6	2.8
741.5	2.7
742.3	2.7
743.2	2.7
744.1	2.7
745.0	2.7
745.9	2.6
746.8	2.5
747.7	2.5
748.6	2.5
749.4	2.4
750.3	2.5
751.2	2.5
752.1	2.4
753.0	2.3
753.9	2.3
754.8	2.2
755.7	2.2
756.5	2.2
757.4	2.2
758.3	2.2
759.2	2.1
760.1	2.1
761.0	2.1
761.9	2.1
762.7	2.2
763.6	2.2
764.5	2.2
765.4	2.2
766.3	2.1
767.2	2.1
768.1	2.0
769.0	2.1
769.8	2.1
770.7	2.2
771.6	2.2
772.5	2.2
773.4	2.2
774.3	2.2
775.2	2.2
776.0	2.1
776.9	2.1
777.8	2.0
778.7	2.0
779.6	2.0
780.5	2.0
781.4	2.0
782.3	2.0
783.1	2.0
784.0	2.0
784.9	2.0
785.8	2.0
786.7	1.9
787.6	1.9
788.5	1.9
789.4	1.9
790.2	1.9
791.1	1.9
792.0	1.9
792.9	1.9
793.8	1.9
794.7	1.9
795.6	1.9
796.4	1.9
797.3	1.9
798.2	1.9
799.1	1.8
800.0	1.8
800.9	1.8
801.8	1.8
802.7	1.8
803.5	1.8
804.4	1.8
805.3	1.8
806.2	1.8
807.1	1.8
808.0	1.8
808.9	1.8
809.7	1.8
810.6	1.8
811.5	1.8
812.4	1.8
813.3	1.8
814.2	1.9
815.1	1.8
816.0	1.8
816.8	1.8
817.7	1.8
818.6	1.8
819.5	1.8
820.4	1.8
821.3	1.8
822.2	1.8
823.0	1.8
823.9	1.7
824.8	1.7
825.7	1.7
826.6	1.8
827.5	1.8
828.4	1.7
829.3	1.7
830.1	1.7
831.0	1.7
831.9	1.7
832.8	1.8
833.7	1.7
834.6	1.7
835.5	1.7
836.4	1.7
837.2	1.7
838.1	1.7
839.0	1.7
839.9	1.8
840.8	1.7
841.7	1.7
842.6	1.6
843.4	1.6
844.3	1.6
845.2	1.6
846.1	1.6
847.0	1.6
847.9	1.6
848.8	1.6
849.7	1.7
850.5	1.6
851.4	1.6
852.3	1.6
853.2	1.6
854.1	1.6
855.0	1.6
855.9	1.7
856.7	1.7
857.6	1.7
858.5	1.6
859.4	1.6
860.3	1.6
861.2	1.7
862.1	1.7
863.0	1.7
863.8	1.7
864.7	1.7
865.6	1.7
866.5	1.7
867.4	1.7
868.3	1.7
869.2	1.7
870.1	1.7
870.9	1.7
871.8	1.7
872.7	1.7
